   1.00000  0.00126  0.41924
   0.99392  0.00292  0.23327
   0.98333  0.00577  0.15312
   0.97098  0.00904  0.08831
   0.95718  0.01262  0.03484
   0.94237  0.01638 -0.01161
   0.92696  0.02021 -0.05322
   0.91123  0.02403 -0.09076
   0.89533  0.02780 -0.12501
   0.87933  0.03149 -0.15723
   0.86327  0.03511 -0.18683
   0.84718  0.03864 -0.21512
   0.83106  0.04208 -0.24187
   0.81492  0.04544 -0.26758
   0.79875  0.04870 -0.29188
   0.78258  0.05188 -0.31578
   0.76638  0.05496 -0.33905
   0.75017  0.05796 -0.36152
   0.73395  0.06086 -0.38340
   0.71772  0.06368 -0.40489
   0.70148  0.06640 -0.42592
   0.68523  0.06902 -0.44701
   0.66898  0.07155 -0.46735
   0.65272  0.07398 -0.48767
   0.63645  0.07632 -0.50785
   0.62019  0.07855 -0.52820
   0.60392  0.08069 -0.54773
   0.58766  0.08272 -0.56810
   0.57140  0.08465 -0.58761
   0.55514  0.08647 -0.60788
   0.53889  0.08818 -0.62782
   0.52265  0.08978 -0.64818
   0.50642  0.09127 -0.66877
   0.49021  0.09264 -0.68940
   0.47402  0.09390 -0.71046
   0.45785  0.09503 -0.73269
   0.44172  0.09603 -0.75541
   0.42564  0.09690 -0.77983
   0.40965  0.09765 -0.80639
   0.39382  0.09824 -0.84285
   0.37817  0.09865 -0.87054
   0.36263  0.09885 -0.89328
   0.34716  0.09884 -0.91306
   0.33174  0.09863 -0.93065
   0.31639  0.09821 -0.94621
   0.30109  0.09757 -0.95995
   0.28586  0.09672 -0.97158
   0.27069  0.09564 -0.98167
   0.25561  0.09433 -0.98930
   0.24061  0.09280 -0.99569
   0.22571  0.09103 -0.99977
   0.21092  0.08902 -1.00170
   0.19626  0.08678 -1.00197
   0.18175  0.08429 -0.99937
   0.16741  0.08155 -0.99533
   0.15327  0.07856 -0.98831
   0.13937  0.07533 -0.97928
   0.12576  0.07185 -0.96749
   0.11254  0.06815 -0.95286
   0.09978  0.06426 -0.93584
   0.08762  0.06020 -0.91622
   0.07622  0.05606 -0.89339
   0.06572  0.05190 -0.86844
   0.05625  0.04782 -0.84071
   0.04786  0.04389 -0.81119
   0.04055  0.04017 -0.77908
   0.03423  0.03668 -0.74443
   0.02879  0.03343 -0.70706
   0.02411  0.03040 -0.66690
   0.02008  0.02756 -0.62173
   0.01660  0.02489 -0.57170
   0.01357  0.02236 -0.51445
   0.01095  0.01995 -0.44959
   0.00867  0.01764 -0.37401
   0.00671  0.01541 -0.28744
   0.00502  0.01324 -0.18549
   0.00360  0.01113 -0.06811
   0.00242  0.00906  0.06664
   0.00148  0.00703  0.21820
   0.00077  0.00504  0.38111
   0.00029  0.00309  0.54869
   0.00004  0.00120  0.70585
   0.00001 -0.00064  0.83894
   0.00020 -0.00249  0.93921
   0.00065 -0.00436  0.99394
   0.00137 -0.00623  0.99179
   0.00239 -0.00805  0.93646
   0.00369 -0.00980  0.84530
   0.00527 -0.01148  0.73730
   0.00712 -0.01307  0.62689
   0.00925 -0.01459  0.52436
   0.01167 -0.01603  0.43360
   0.01438 -0.01741  0.35464
   0.01744 -0.01873  0.28838
   0.02087 -0.02000  0.23200
   0.02476 -0.02123  0.18490
   0.02916 -0.02242  0.14604
   0.03419 -0.02357  0.11429
   0.03998 -0.02467  0.08844
   0.04667 -0.02572  0.06843
   0.05445 -0.02670  0.05328
   0.06345 -0.02758  0.04348
   0.07377 -0.02833  0.03768
   0.08543 -0.02891  0.03605
   0.09832 -0.02929  0.03752
   0.11223 -0.02947  0.04177
   0.12696 -0.02945  0.04795
   0.14228 -0.02924  0.05534
   0.15806 -0.02887  0.06325
   0.17418 -0.02837  0.07195
   0.19056 -0.02776  0.08023
   0.20714 -0.02707  0.08870
   0.22389 -0.02630  0.09712
   0.24078 -0.02549  0.10480
   0.25777 -0.02465  0.11227
   0.27484 -0.02379  0.11924
   0.29194 -0.02292  0.12524
   0.30901 -0.02207  0.13107
   0.32603 -0.02124  0.13582
   0.34301 -0.02043  0.13963
   0.35994 -0.01967  0.14251
   0.37686 -0.01894  0.14409
   0.39378 -0.01827  0.14297
   0.41076 -0.01762  0.13747
   0.42781 -0.01697  0.13713
   0.44491 -0.01629  0.13770
   0.46204 -0.01560  0.13932
   0.47921 -0.01490  0.14105
   0.49639 -0.01420  0.14293
   0.51357 -0.01350  0.14554
   0.53074 -0.01280  0.14779
   0.54790 -0.01211  0.15000
   0.56503 -0.01143  0.15241
   0.58215 -0.01076  0.15487
   0.59926 -0.01011  0.15702
   0.61635 -0.00947  0.15955
   0.63342 -0.00885  0.16151
   0.65049 -0.00825  0.16368
   0.66755 -0.00768  0.16570
   0.68459 -0.00712  0.16761
   0.70164 -0.00659  0.16966
   0.71867 -0.00608  0.17132
   0.73570 -0.00560  0.17319
   0.75273 -0.00514  0.17485
   0.76976 -0.00471  0.17678
   0.78678 -0.00431  0.17849
   0.80381 -0.00393  0.18048
   0.82084 -0.00357  0.18233
   0.83786 -0.00324  0.18473
   0.85489 -0.00294  0.18678
   0.87190 -0.00266  0.18987
   0.88889 -0.00241  0.19342
   0.90581 -0.00218  0.19757
   0.92258 -0.00197  0.20309
   0.93902 -0.00179  0.21049
   0.95483 -0.00163  0.22051
   0.96953 -0.00150  0.23545
   0.98258 -0.00139  0.25778
   0.99368 -0.00131  0.29586
   1.00000 -0.00126  0.41924
